28088
37555
25034
27922
148865
24381
53449
91812
33844
33280
85561
10511
66584
6628
45150
28074
29761
66699
17514
100303
6315
142941
16215
113081
149302
18488
19852
13749
42711
15419
56568
20344
57764
53788
24384
58503
61004
3824
12985
11532
92653
105620
98051
19843
31550
20937
45237
38872
49457
87990
9307
28837
58915
85128
15419
14323
176227
42667
36129
80182
36674
20934
12827
62997
26953
64532
21212
31126
69721
20508
10110
31437
9936
30404
58608
85770
26029
165581
71992
112579
45681
26628
48961
12808
43500
205783
22856
27364
2237
12901
57372
39977
16917
26442
69601
34723
41399
47394
73378
27034
7398
47426
64432
25065
11289
41406
86182
60647
16021
61012
24302
82867
44513
23867
57219
107177
56587
17125
78859
32358
54987
8716
18117
73138
30620
109737
28322
52181
71212
124381
82698
115900
16763
50500
37277
111793
37498
32199
83879
20940
90404
29184
123855
40946
32654
94626
34236
33447
67330
26473
48178
57883
21291
35816
78124
152365
45961
78101
88791
4621
30694
73942
23152
59005
45898
54060
18523
49145
166474
12293
46630
36009
43127
31285
37591
51017
54593
144324
47069
36629
66696
150935
26385
26923
26002
4450
31423
8284
43541
11675
26201
47914
23972
65405
49226
40829
12465
45513
28240
55453
32091
45504
62955
84566
63036
6360
35056
176069
68759
10088
42799
96432
41839
22071
46248
24289
45356
19531
25599
101100
32055
21399
58575
44387
45972
87113
40816
61949
23669
79919
28045
33324
28706
8669
27512
65301
53188
4003
10327
1894
35280
32055
16323
26220
30542
72996
8040
35812
30891
56994
35524
23555
48059
35176
180809
20828
43084
15876
44572
18887
23931
29922
34797
41954
98147
49300
32534
17994
19861
28817
19139
46568
72214
46874
9654
30222
34760
30396
73681
131216
20129
144382
42708
70313
21397
72280
73336
69630
47289
13547
81819
77494
55214
124307
28213
95411
31624
32968
18699
10420
19988
21132
74324
47749
45222
80084
26255
19048
62664
58192
86762
32879
24699
132316
45358
74923
36844
58548
15157
19334
76921
100790
65560
64581
36600
7130
71068
26213
20372
42327
71812
8740
16673
14960
34781
7324
22832
44304
13957
49737
35061
56602
104135
69939
17885
162462
130340
64347
27268
17031
44635
13466
51823
18215
29055
109061
18171
110526
69012
37253
112052
7919
1631
98277
121196
24781
13209
22004
9366
93722
7096
36545
61434
90200
58488
58348
4152
74039
43239
3139
67663
25939
65873
4957
92567
32975
26280
13700
23472
59193
164803
55075
16724
41223
75580
59765
16302
53851
60244
47451
109413
10586
92687
46928
50189
22292
23374
53895
7036
15212
33143
62686
27895
56907
20217
24907
114569
40607
28584
57139
45852
55479
107499
38246
55023
17047
99851
86544
24821
16440
175547
20784
24650
12022
49855
76518
73762
39358
16747
20373
45633
51294
48866
50934
45819
106506
18515
28350
69127
24915
10781
40121
73026
132951
123702
83728
57358
30122
84809
162501
101972
52069
26847
62259
87437
11897
76678
12507
123339
87724
68531
55311
14727
60188
118067
74093
41761
64925
105681
292301
26211
14626
21183
65107
99344
30303
54926
42555
62903
16105
32858
41106
37202
35531
8741
40901
69555
41429
40214
46789
18895
89928
30385
70992
32387
23555
66720
67284
57081
23946
24802
7457
64672
55484
7021
40983
68231
8480
69702
18524
106655
96697
17373
65619
26633
40767
63533
14823
122068
29261
35528
92717
26772
12706
104520
30802
158782
30922
103596
3619
48131
30189
24990
18627
61552
32105
14239
55053
121352
6338
