64.0
66.6
71.6
71.0
67.3
66.4
72.7
64.9
68.4
68.3
71.0
68.9
69.1
69.0
64.7
69.0
67.8
65.3
64.7
65.9
70.9
69.7
66.5
68.6
68.5
65.7
70.4
71.0
69.3
66.3
66.4
67.6
68.6
68.1
69.0
67.2
65.2
65.2
72.1
61.4
67.3
68.4
63.9
67.6
61.5
67.7
67.2
68.7
67.8
63.7
68.0
68.9
70.1
65.6
67.0
69.9
67.1
68.4
71.0
65.2
66.3
66.4
65.7
65.5
66.5
63.8
68.0
67.6
71.6
66.1
66.2
73.8
66.6
63.3
66.7
64.2
71.9
63.5
63.8
64.1
66.6
66.9
67.2
67.3
60.0
70.4
65.6
68.6
67.3
65.1
69.4
69.6
65.8
70.1
64.6
72.1
62.4
66.1
66.5
65.8
64.7
69.3
63.2
66.1
70.9
70.7
70.0
68.7
68.8
70.2
66.5
68.2
65.7
68.3
66.9
71.7
66.5
68.4
72.2
62.7
68.2
70.9
64.7
67.0
64.9
64.4
67.9
67.6
62.1
70.3
70.0
69.1
65.7
66.9
71.0
71.3
67.3
67.4
68.0
72.3
65.3
69.5
71.0
60.2
65.1
66.4
68.2
67.5
69.3
68.7
72.0
67.5
61.8
70.0
65.7
64.5
65.7
72.4
66.2
67.5
65.4
63.8
69.3
64.0
69.8
69.0
70.2
65.2
64.0
71.7
68.1
67.0
72.7
67.9
65.7
72.8
63.4
68.7
68.3
72.4
67.7
66.6
66.9
70.1
70.8
62.7
67.1
68.7
66.8
65.6
64.0
71.4
68.2
68.2
68.9
65.4
66.1
67.0
69.8
67.3
72.2
71.1
64.4
64.5
73.7
65.7
68.2
70.4
68.5
67.4
64.5
68.4
70.4
64.6
66.5
65.2
63.6
67.0
70.3
65.8
64.7
71.5
68.9
63.1
68.9
67.7
67.8
66.1
64.1
62.0
65.3
68.1
67.0
64.8
65.6
67.7
69.1
63.8
62.6
67.7
65.5
68.3
70.8
65.3
71.5
64.7
71.7
65.5
72.7
67.6
66.5
64.8
67.6
68.3
69.9
69.3
67.8
66.0
67.6
66.5
64.9
71.7
67.9
64.9
68.0
66.3
66.1
67.8
67.6
65.4
65.4
64.6
68.1
65.0
63.7
64.7
65.2
68.3
63.1
70.2
69.1
67.7
66.9
70.7
70.3
70.8
65.8
71.0
67.0
67.9
66.9
67.5
67.0
67.5
67.2
71.5
68.6
69.8
66.2
66.1
72.0
67.2
64.8
65.8
69.9
71.2
71.9
66.2
64.1
71.3
66.3
68.5
71.6
69.7
66.8
71.1
65.8
66.6
67.2
66.7
65.0
66.0
65.5
65.6
71.1
68.7
64.1
72.2
66.7
69.1
70.1
71.2
65.6
67.1
67.8
71.1
62.1
67.4
69.0
72.9
64.7
64.9
69.9
65.2
66.6
70.3
70.6
66.4
67.2
64.4
67.8
67.5
70.5
65.8
66.1
65.7
69.1
66.9
66.4
66.5
72.2
65.9
66.9
70.4
67.7
73.0
67.6
67.6
67.9
65.7
65.4
66.6
64.7
69.8
64.2
68.2
70.2
66.6
63.9
67.9
66.4
67.9
65.0
66.4
67.6
65.1
67.2
66.3
63.5
67.8
68.9
67.5
68.8
70.8
72.5
67.4
69.6
67.7
65.8
70.1
64.6
67.1
68.9
67.8
64.2
70.5
64.9
63.6
69.8
67.5
70.7
68.0
62.9
66.8
68.0
68.5
62.6
64.6
67.6
72.9
73.2
65.2
66.6
65.5
71.9
70.2
68.9
71.5
66.6
69.1
63.3
67.4
73.3
70.4
65.0
61.8
69.7
67.0
67.3
65.8
65.0
67.1
65.8
67.5
70.8
67.2
67.3
66.6
65.3
68.1
68.3
70.2
68.2
70.7
67.1
72.3
70.0
69.4
63.9
65.0
67.3
69.4
70.7
68.9
68.0
68.6
67.7
70.7
66.8
65.3
70.4
67.4
70.5
70.4
69.8
66.0
68.1
66.4
66.4
69.4
68.3
66.7
66.9
67.5
66.8
66.4
68.7
67.8
68.8
71.7
64.1
66.8
67.3
71.5
66.0
67.9
66.9
67.5
66.5
68.7
